11 0.7515625 0.440625 0.25 0.20390625
11 0.91875 0.68984375 0.1625 0.13359375
11 0.6609375 0.1140625 0.24921875 0.10078125
11 0.4984375 0.43359375 0.2234375 0.24765625
11 0.71484375 0.328125 0.246875 0.159375
11 0.3515625 0.48828125 0.246875 0.18203125
11 0.26484375 0.2484375 0.23828125 0.11484375
11 0.23515625 0.63671875 0.14765625 0.13984375
11 0.30859375 0.36796875 0.22109375 0.16796875
11 0.57734375 0.1359375 0.20703125 0.1015625
11 0.76796875 0.61171875 0.16328125 0.10703125
11 0.23828125 0.12265625 0.23203125 0.06953125
11 0.89375 0.39609375 0.2109375 0.11328125
11 0.890625 0.58125 0.203125 0.10546875
11 0.29296875 0.7296875 0.15234375 0.19453125
11 0.37109375 0.58515625 0.15234375 0.12890625
11 0.30234375 0.30546875 0.23671875 0.15234375
11 0.4109375 0.70078125 0.146875 0.1421875