3 0.15033545312500002 0.3203329890625 0.1125640125 0.410453575 0.06812694687500001 0.55023255 0.0459084125 0.655066765625 0.0436865953125 0.7267953875 0.09256729999999999 0.7819712812499999 0.1458918125 0.71943864375 0.172499734375 0.63811376875 0.172553984375 0.6348355625 0.1681103453125 0.5116093828125 0.18588507031249998 0.41229281406249996 0.21254741250000003 0.3295289734375 0.20143814531249998 0.2798706515625 0.15033545312500002 0.3203329890625
3 0.30586518281249997 0.5042526390625001 0.3214182578125 0.425167203125 0.3214182578125 0.3607953265625 0.26809374531249996 0.3295289734375 0.21722217187499998 0.32252128125 0.1747758046875 0.6311571546875 0.172499734375 0.63811376875 0.170332165625 0.7690968921875 0.1814414328125 0.8684136 0.2769811921875 0.8702527703125 0.29919972499999997 0.7341522015625 0.2947559171875 0.6201221453125 0.30586518281249997 0.5042526390625001
3 0.3433397625 0.237569146875 0.35667085 0.28538822812500003 0.318899409375 0.29826261718749997 0.3122337828125 0.3589560875 0.3277868578125 0.42332796406249995 0.3588926671875 0.5483933828125 0.385555009375 0.7028859875 0.438879521875 0.807720059375 0.501091315625 0.805880821875 0.5255316671875 0.728634625 0.501091315625 0.5870164828125 0.467763515625 0.4472375046875 0.4277702578125 0.32585056562500003 0.3744457421875 0.2688355015625 0.36333647812500003 0.20262438437500002 0.3100119625 0.16584045625 0.272240525 0.167679728125 0.203362934375 0.2706746703125 0.210028565625 0.1915892015625 0.1544822296875 0.290905803125 0.2208332828125 0.31561996875 0.26335307812500003 0.29642345 0.26779671562499996 0.2504435359375 0.29890269687500004 0.20814199531250002 0.3433397625 0.237569146875
3 0.403329734375 0.8702527703125 0.4277702578125 0.8242728578125 0.372223921875 0.594373225 0.334452315625 0.45643348906250003 0.3208332828125 0.44444444687500007 0.30112451562500003 0.56494625 0.3077901421875 0.6661020578125 0.336674134375 0.8408256546875 0.403329734375 0.8702527703125
3 0.636624503125 0.8224336890625 0.6321806921875 0.750704928125 0.556637646875 0.6182828359375 0.4922038671875 0.5244837718750001 0.516644390625 0.656906075 0.5255316671875 0.798524078125 0.592187265625 0.85921761875 0.6344025125 0.8647351249999999 0.6632866749999999 0.995318046875 0.636624503125 0.8224336890625
3 0.705501753125 0.833468840625 0.753176384375 0.8856174781249999 0.7521608078125 0.7893280953125 0.6921708343749999 0.6274788171875 0.6032965328125 0.419649559375 0.5410847421875 0.287227465625 0.501091315625 0.2927450421875 0.4610980578125 0.18055405 0.5077569421875 0.07020225937499999 0.438879521875 0.0058303828125 0.35222720937499996 0.02606155 0.247800003125 0.147448490625 0.35667085 0.16584045625 0.403329734375 0.20446366093749999 0.4610980578125 0.2651570953125 0.47665096250000005 0.3074586 0.4477668 0.335046546875 0.5033131328125 0.53367975625 0.6321806921875 0.74150894375 0.705501753125 0.833468840625
3 0.9054685499999999 0.706564253125 0.9654588593750001 0.747026590625 1 0.7893280953125 0.93879635 0.6826547125 0.9321310593750001 0.6054084468750001 0.8165944171874999 0.42332796406249995 0.6855052078125 0.27251383906250004 0.5744125421875 0.20814199531250002 0.5388629218750001 0.1603228796875 0.485538409375 0.10330785312499999 0.438879521875 0.07020225937499999 0.3877768296875 0.06836305625 0.469985334375 0.1695188640625 0.516644390625 0.2486042984375 0.5855218078125 0.3148154140625 0.7543827953125 0.5244837718750001 0.9054685499999999 0.706564253125
3 0.7899322453125001 0.81323770625 0.8965812718749999 0.802202484375 0.87214075 0.6955290328125 0.725498634375 0.5134486218750001 0.5624999500000001 0.306418221875 0.629958875 0.48402143437499995 0.705501753125 0.664262746875 0.7899322453125001 0.81323770625
3 0.880450253125 0.3699913078125 0.664930546875 0.1731972359375 0.5982749468749999 0.1272173234375 0.5382848078125 0.049971090625 0.5182882625 0.10330785312499999 0.5471722546875 0.1731972359375 0.6338245671875 0.233890740625 0.7915761203125 0.3939008484375 0.829925671875 0.45459431875 0.9410183375000001 0.53551899375 1 0.594373225 0.9543495953125 0.515287790625 0.880450253125 0.3699913078125
3 0.8204602796874999 0.15296610156249998 0.736029784375 0.0885942234375 0.6671523671874999 0.0646846484375 0.6182716625 0.04813195625 0.6382682078124999 0.162162084375 0.644933834375 0.158483746875 0.7715794046875 0.2559611125 0.8537880796874999 0.3074586 0.8826720703125 0.22653392499999997 0.8204602796874999 0.15296610156249998
3 0.9648807453125 0.222855625 0.9982085453125 0.158483746875 0.9959867250000001 0.027900718749999998 0.8760066125 0 0.7871324796875 0.009508753125 0.8049072046875001 0.059167071875 0.833791365625 0.125378153125 0.8715628046875 0.1952676765625 0.8848940593749999 0.2559611125 0.8695555046875001 0.2995169109375 0.9982085453125 0.5116093828125 1 0.335046546875 0.900446965625 0.16584045625 0.9648807453125 0.222855625