3 0.2993633609375 0.3300173078125 0.39399056250000003 0.3300173078125 0.42791352656250004 0.31038671875 0.40291765156250003 0.2532796515625 0.31900293281250003 0.23186459843749999 0.2690113125 0.23186459843749999 0.1868821203125 0.2425721078125 0.1299106734375 0.29285714218750003 0.165457021875 0.3139559234375 0.2208049515625 0.30860215156250004 0.2993633609375 0.3300173078125
3 0.351140509375 0.45672354843749996 0.3868488609375 0.426385415625 0.39756134374999996 0.3996164859375 0.36363837499999996 0.355001603125 0.2957925796875 0.355001603125 0.2154487765625 0.3585708078125 0.1583153265625 0.38533973593750004 0.0958257015625 0.428170053125 0.0654736515625 0.4727849375 0.1440320625 0.4710002984375 0.2636550046875 0.4710002984375 0.351140509375 0.45672354843749996
3 0.52254059375 0.43709303125 0.5564635578125 0.54416875 0.6046697859375 0.6191217015625 0.6421636703125 0.6530291734375 0.7028679015625 0.6333985171875 0.7617867453125 0.59413740625 0.7724990890625001 0.5405995453125 0.749288603125 0.46386195937499997 0.683228196875 0.3710629859375 0.624309490625 0.2996791734375 0.5582489515625 0.22472615624999998 0.5207552015625 0.190818853125 0.488617625 0.15691151406249998 0.45580353125000006 0.1477678578125 0.43862600937499996 0.18546504531250002 0.4582655765625 0.2568488578125 0.499330240625 0.3639245796875 0.52254059375 0.43709303125
3 0.7332199515625 0.462077321875 0.8653407640624999 0.6048449515625001 0.9635387453125001 0.5691530453125 0.9867492328124999 0.4549389828125 0.9135472640625 0.326448103125 0.8117782281249999 0.1961726921875 0.6745535312500001 0.027232142187500002 0.6225239640625 0.044482084374999994 0.6153824015625 0.0801739953125 0.6368073609375 0.1926034203125 0.7332199515625 0.462077321875
3 1 0.77973528125 0.995676321875 0.6476752671875 0.9599679640625001 0.6548136078125 0.836774240625 0.6548136078125 0.6743011078125 0.66552121875 0.5546781703125 0.674444196875 0.44910710312499996 0.728125 0.6028843968750001 0.7993658703125 0.9974618484375 0.8600421390624999 1 0.77973528125
3 0.41005934843749997 0.5994913171875 0.3993467328125 0.517399821875 0.3886342546875 0.4495851421875 0.3868488609375 0.4299546203125 0.3352678171875 0.46919642812499995 0.317217540625 0.56558390625 0.320788459375 0.6351832234375 0.39756134374999996 0.6476752671875 0.41005934843749997 0.5994913171875
3 0.9742513609375001 0.276479446875 0.995676321875 0.244356678125 0.9974618484375 0.190818853125 0.9867492328124999 0.1926034203125 0.8885512500000001 0.1515578078125 0.8135637546875 0.1301425796875 0.790624959375 0.1678571421875 0.8242763703125 0.23900290625 0.9135472640625 0.26934104062499997 0.9742513609375001 0.276479446875
3 0.6171677953125 0.12657341093750002 0.4939739328125 0.0391282453125 0.415624959375 0.0517857140625 0.5278969015625 0.15691151406249998 0.6118114859375 0.20688020156250003 0.6635886296875 0.244356678125 0.6171677953125 0.12657341093750002
3 0.47433436562500003 0.301463740625 0.4511238796875 0.2461413125 0.4066963890625 0.266071428125 0.39399056250000003 0.355001603125 0.42434261093750003 0.6119833609375 0.47433436562500003 0.301463740625
3 0.254727915625 0.66552121875 0.5100427234375 0.788658259375 0.4529092671875 0.710136103125 0.374350990625 0.6441062015625 0.313646759375 0.572722384375 0.308482103125 0.5763392859375001 0.258298834375 0.54416875 0.2118778609375 0.5602300671875 0.1725987234375 0.620906334375 0.254727915625 0.66552121875
3 0.1084996296875 0.4816574375 0.11010909843750001 0.4852770484375 0.10475279062500001 0.47456950468750003 0.0333360765625 0.528107365625 0.0868986109375 0.56558390625 0.192238290625 0.5584455 0.27972379531249997 0.5316765671875 0.3011487546875 0.426385415625 0.1084996296875 0.4816574375
3 0.5278969015625 0.6191217015625 0.4689780578125 0.5548764328125 0.47076344687500005 0.6458906296875 0.47790514687499996 0.699428490625 0.5493218609375 0.6780134015625 0.5796740453125 0.6619521515625 0.5278969015625 0.6191217015625