5 0.278125 0.14296875 0.19765625 0.21953125
5 0.440625 0.11640625 0.1296875 0.2109375
5 0.72265625 0.11796875 0.12265625 0.19765625
5 0.56796875 0.1078125 0.1109375 0.190625
5 0.8484375 0.2609375 0.1109375 0.2171875
5 0.76171875 0.33984375 0.1359375 0.1921875
5 0.6265625 0.3265625 0.159375 0.15859375
5 0.434375 0.3953125 0.1328125 0.21875
5 0.2609375 0.41953125 0.16171875 0.18046875
5 0.1140625 0.34140625 0.115625 0.2015625
5 0.1046875 0.56796875 0.1 0.2171875
5 0.35859375 0.63203125 0.15625 0.22265625
5 0.63359375 0.6296875 0.13203125 0.17578125
5 0.5046875 0.6578125 0.12734375 0.2078125
5 0.5578125 0.4375 0.1578125 0.24296875
5 0.7328125 0.50859375 0.17109375 0.17734375
5 0.28984375 0.8078125 0.1234375 0.165625
5 0.425 0.8578125 0.12421875 0.21640625
5 0.5796875 0.853125 0.1484375 0.1578125
5 0.73359375 0.80859375 0.13515625 0.221875
5 0.828125 0.69765625 0.153125 0.1609375