5 0.2765625 0.3890625 0.14765625 0.153125
5 0.4359375 0.2609375 0.15234375 0.22109375
5 0.74609375 0.51015625 0.13046875 0.21328125
5 0.53515625 0.72734375 0.14765625 0.30078125
5 0.33203125 0.6921875 0.1921875 0.19140625
5 0.17734375 0.28046875 0.16796875 0.17265625
5 0.79375 0.096875 0.16015625 0.16796875
5 0.95625 0.3921875 0.0875 0.234375
5 0.89375 0.8453125 0.2125 0.26796875
5 0.728125 0.8734375 0.196875 0.25234375
5 0.55703125 0.5078125 0.1984375 0.17109375
5 0.69375 0.35234375 0.171875 0.1296875
5 0.1953125 0.859375 0.1984375 0.184375