5 0.08125 0.09921875 0.128125 0.18515625
5 0.2171875 0.08828125 0.1140625 0.15078125
5 0.33671875 0.08984375 0.0875 0.15
5 0.44296875 0.09765625 0.09765625 0.15390625
5 0.5578125 0.109375 0.1 0.1734375
5 0.67421875 0.1109375 0.1078125 0.196875
5 0.7859375 0.109375 0.07890625 0.1609375
5 0.89453125 0.09296875 0.1015625 0.15703125
5 0.93203125 0.25 0.1359375 0.13828125
5 0.78984375 0.27578125 0.1109375 0.13828125
5 0.67890625 0.3125 0.11640625 0.14140625
5 0.5640625 0.29921875 0.12734375 0.16015625
5 0.43046875 0.27265625 0.1375 0.171875
5 0.2984375 0.25078125 0.16171875 0.165625
5 0.121875 0.31796875 0.21328125 0.2015625
5 0.33203125 0.45390625 0.19921875 0.21171875
5 0.50859375 0.4796875 0.12421875 0.1734375
5 0.63046875 0.496875 0.090625 0.16171875
5 0.7515625 0.4515625 0.128125 0.19375
5 0.90546875 0.43125 0.1609375 0.165625
5 0.1609375 0.609375 0.29921875 0.3390625
5 0.4140625 0.6734375 0.16875 0.1921875
5 0.58046875 0.7046875 0.13828125 0.1890625
5 0.72578125 0.69453125 0.13359375 0.2015625
5 0.09140625 0.89453125 0.1671875 0.2109375
5 0.2484375 0.89453125 0.121875 0.2109375
5 0.3859375 0.89375 0.12421875 0.2125
5 0.5125 0.89609375 0.1015625 0.2078125
5 0.6390625 0.8984375 0.13359375 0.19375
5 0.77109375 0.9 0.09921875 0.190625
5 0.884375 0.88046875 0.13828125 0.21015625
5 0.9609375 0.8859375 0.07734375 0.228125
5 0.903125 0.6484375 0.19375 0.23203125